1
3
6
8
9
10
11
12
13
14
15
16
17
18
19
20
24
34
35
46
47
55
56
57
58
60
61
68
70
73
75
76
79
80
81
82
83
84
86
92
93
95
96
98
99
100
101
102
103
105
106
107
108
109
113
117
119
120
122
124
125
127
132
134
136
142
145
150
155
156
157
158
159
160
162
165
166
167
168
174
176
178
180
181
182
183
184
185
188
190
191
193
194
195
196
197
199
200
202
205
212
213
214
215
216
217
219
220
225
226
227
231
232
233
234
235
238
239
240
241
246
247
248
249
251
253
254
255
258
259
260
262
264
268
269
270
272
305
306
309
310
312
314
319
322
323
326
327
328
329
330
331
332
334
335
336
337
338
339
340
341
342
343
344
346
349
351
352
353
354
355
360
361
365
366
367
369
370
371
374
375
376
377
380
386
389
391
393
394
395
396
398
400
402
403
404
405
406
408
410
411
413
417
418
421
422
423
424
427
428
430
432
433
434
436
437
441
444
451
457
480
481
482
483
484
485
488
489
490
491
492
502
503
504
505
509
510
516
517
518
519
520
523
525
527
529
530
533
534
535
536
537
539
541
542
543
544
545
546
547
548
551
552
553
554
555
556
559
561
562
565
570
571
572
575
577
578
579
580
582
584
585
587
589
590
591
592
594
596
597
599
601
602
603
604
605
610
611
612
614
615
616
618
622
624
625
626
627
628
631
632
637
639
640
642
643
644
645
646
648
650
651
652
653
655
656
657
659
660
661
662
665
666
667
668
676
678
679
680
681
685
686
688
689
691
693
695
696
697
698
699
702
705
706
707
708
710
712
713
717
723
724
727
729
730
731
732
734
736
737
738
739
741
748
750
752
753
759
762
766
768
769
776
779
781
782
784
786
793
794
797
799
800
801
802
803
808
809
810
811
814
815
816
817
818
819
820
821
822
825
827
829
830
833
834
835
836
837
838
839
853
854
855
857
859
860
862
865
866
868
872
874
875
877
887
889
890
891
892
897
898
899
900
901
905
906
907
908
909
910
913
914
915
916
918
919
922
923
925
926
928
929
930
931
932
933
934
935
936
937
939
943
944
947
948
950
951
952
953
954
955
957
958
959
960
961
962
963
965
967
969
970
971
972
973
974
975
976
977
979
981
982
983
985
986
987
988
990
992
994
995
996
998
1000
1002
1003
1004
1041
1055
1057
1058
1059
1060
1061
1062
1063
1065
1067
1068
1069
1070
1072
1073
1077
1082
1086
1087
1089
1091
1094
1097
1098
1099
1100
1101
1102
1103
1104
1105
1107
1110
1115
1116
1119
1121
1129
1139
1140
1143
1146
1154
1155
1157
1158
1161
1163
1164
1165
1166
1167
1172
1197
1198
1200
1204
1205
1206
1207
1208
1210
1211
1214
1215
1216
1217
1219
1220
1222
1223
1225
1226
1228
1233
1234
1235
1237
1238
1239
1241
1242
1243
1244
1245
1246
1248
1249
1250
1252
1253
1254
1257
1258
1259
1261
1262
1264
1265
1266
1267
1270
1272
1274
1276
1277
1278
1279
1280
1281
1285
1287
1288
1290
1293
1295
1299
1300
1303
1304
1305
1309
1310
1311
1313
1314
1317
1318
1319
1320
1322
1323
1324
1326
1327
1330
1331
1333
1334
1335
1337
1341
1342
1343
1344
1346
1347
1348
1349
1350
1351
1352
1353
1354
1356
1357
1360
1361
1362
1363
1364
1365
1366
1367
1368
1369
1371
1372
1375
1376
1377
1378
1379
1383
1384
1385
1386
1389
1392
1396
1397
1399
1404
1406
1407
1409
1413
1415
1416
1417
1418
1419
1420
1421
1422
1423
1428
1429
1430
1431
1432
1433
1434
1438
1442
1443
1444
1447
1448
1449
1454
1455
1456
1457
1458
1460
1461
1462
1464
1465
1466
1468
1469
1471
1472
1473
1475
1478
1479
1480
1481
1482
1484
1486
1487
1488
1489
1491
1492
1494
1496
1497
1498
1499
1500
1501
1503
1504
1506
1508
1509
1512
1513
1516
1517
1518
1523
1524
1525
1530
1531
1532
1534
1536
1538
1539
1540
1543
1544
1545
1546
1548
1549
1550
1552
1556
1557
1558
1561
1563
1564
1565
1566
1570
1571
1572
1573
1574
1575
1576
1578
1580
1581
1584
1588
1589
1590
1591
1593
1594
1595
1597
1598
1600
1602
1604
1605
1606
1607
1610
1612
1613
1614
1615
1616
1618
1620
1621
1623
1624
1625
1626
1627
1628
1629
1631
1632
1633
1634
1636
1637
1638
1639
1640
1641
1643
1644
1645
1646
1652
1653
1656
1659
1660
1669
1670
1671
1672
1674
1675
1676
1677
1679
1680
1681
1682
1686
1687
1690
1692
1694
1695
1696
1697
1698
1699
1700
1702
1703
1706
1707
1709
1710
1711
1713
1714
1715
1716
1717
1718
1724
1725
1726
1727
1728
1729
1730
1731
1733
1736
1738
1739
1740
1741
1742
1743
1744
1745
1747
1748
1749
1750
1752
1754
1755
1758
1760
1762
1764
1765
1766
1767
1770
1771
1772
1773
1777
1779
1781
1785
1786
1788
1790
1792
1793
1794
1795
1796
1800
1801
1802
1803
1804
1805
1808
1809
1811
1812
1814
1816
1817
1818
1819
1820
1822
1823
1824
1825
1826
1827
1828
1830
1831
1832
1833
1843
1844
1846
1847
1848
1849
1851
1852
1854
1856
1858
1860
1861
1863
1864
1865
1866
1869
1870
1871
1875
1876
1877
1878
1879
1880
1881
1887
1889
1890
1891
1892
1894
1895
1897
1898
1899
1900
1901
1902
1903
1906
1911
1915
1916
1918
1920
1921
1925
1926
1927
1929
1930
1931
1933
1935
1942
1943
1945
1947
1948
1949
1951
1952
1957
1958
1959
1960
1961
1962
1963
1964
1966
1969
1970
1971
1972
1973
1974
1975
1976
1977
1978
1979
1980
1982
1984
1986
1988
1989
1991
1992
1993
1995
1996
1998
1999
2000
2003
2004
2005
2007
2008
2009
2010
2013
2014
2015
2016
2017
2018
2019
2020
2021
2022
2025
2026
2027
2028
2029
2030
2032
2034
2035
2038
2040
2041
2042
2045
2046
2048
2049
2050
2053
2054
2056
2061
2063
2064
2065
2068
2070
2071
2073
2076
2077
2082
2085
2086
2087
2088
2089
2090
2091
2092
2094
2096
2097
2098
2100
2101
2102
2106
2107
2108
2109
2111
2113
2114
2115
2116
2118
2119
2121
2123
2131
2132
2134
2135
2137
2138
2141
2142
2143
2145
2146
2149
2150
2151
2152
2154
2156
2158
2159
2161
2162
2163
2165
2167
2168
2169
2172
2173
2176
2177
2179
2180
2181
2183
2184
2185
2186
2187
2188
2189
2191
2193
2194
2195
2196
2197
2198
2199
2201
2203
2204
2205
2206
2207
2208
2209
2210
2212
2213
2214
2215
2219
2220
2221
2222
2223
2224
2225
2229
2230
2231
2232
2233
2235
2236
2237
2239
2243
2244
2245
2247
2250
2251
2253
2254
2256
2258
2259
2260
2261
2263
2264
2266
2267
2270
2271
2272
2274
2278
2279
2280
2281
2282
2283
2284
2287
2288
2289
2290
2296
2297
2299
2300
2302
2303
2304
2308
2309
2310
2312
2313
2314
2315
2318
2319
2320
2325
2326
2328
2329
2330
2331
2333
2336
2337
2339
2342
2344
2345
2346
2347
2348
2351
2352
2353
2355
2356
2357
2363
2368
2372
2373
2374
2377
2378
2380
2384
2385
2386
2388
2389
2390
2391
2392
2393
2394
2397
2398
2399
2400
2401
2403
2404
2405
2406
2413
2414
2415
2416
2420
2421
2422
2424
2425
2426
2427
2428
2430
2433
2434
2435
2436
2439
2440
2441
2442
2443
2447
2448
2449
2450
2451
2454
2455
2456
2457
2459
2461
2464
2465
2467
2470
2471
2472
2474
2475
2476
2479
2480
2481
2483
2484
2485
2486
2487
2488
2489
2490
2491
2492
2495
2496
2498
2500
2502
2504
2505
2506
2509
2511
2512
2513
2514
2515
2519
2522
2523
2524
2525
2527
2529
2530
2531
2532
2534
2535
2541
2542
2543
2545
2546
2548
2549
2550
2551
2552
2553
2554
2555
2556
2557
2558
2559
2560
2561
2563
2564
2565
2567
2568
2569
2570
2571
2572
2573
2580
2583
2587
2588
2589
2590
2593
2594
2595
2596
2598
2600
2602
2603
2610
2611
2612
2613
2614
2616
2617
2620
2622
2623
2624
2625
2626
2628
2629
2630
2633
2634
2636
2637
2638
2639
2640
2642
2643
2644
2645
2646
2648
2649
2651
2653
2654
2655
2656
2658
2659
2661
2664
2665
2666
2667
2668
2669
2670
2671
2672
2673
2675
2676
2677
2678
2681
2682
2683
2684
2686
2687
2689
2690
2691
2706
2707
2708
2710
2711
2713
2714
2715
2716
2717
2719
2720
2721
2723
2724
2725
2727
2728
2729
2730
2731
2734
2737
2738
2740
2742
2746
2747
2748
2750
2751
2754
2755
2757
2758
2759
2760
2762
2763
2764
2770
2775
2777
2778
2779
2781
2782
2784
2785
2786
2787
2788
2789
2790
2791
2793
2794
2795
2796
2798
2799
2801
2803
2805
2808
2810
2814
2819
2820
2821
2822
2823
2824
2825
2826
2830
2831
2833
2834
2835
2836
2837
2838
2839
2840
2841
2842
2844
2846
2847
2848
2849
2851
2852
2853
2854
2856
2858
2859
2860
2861
2862
2863
2864
2865
2866
2871
2872
2873
2874
2876
2878
2879
2881
2883
2885
2889
2890
2891
2892
2893
2894
2895
2896
2898
2901
2902
2903
2904
2905
2907
2909
2910
2911
2912
2913
2914
2915
2916
2918
2919
2921
2922
2924
2925
2926
2930
2931
2932
2933
2934
2935
2936
2937
2938
2940
2943
2944
2945
2946
2947
2948
2949
2950
2951
2952
2954
2956
2958
2959
2960
2961
2962
2963
2964
2965
2966
2968
2969
2973
2974
2975
2976
2978
2980
2981
2986
2988
2990
2992
2993
2994
3001
3002
3004
3006
3009
3010
3013
3014
3015
3016
3018
3019
3021
3022
3023
3024
3025
3027
3032
3033
3034
3039
3045
3049
3051
3053
3054
3066
3069
3093
3095
3104
3105
3117
3119
3121
3123
3126
3127
3128
3138
3148
3154
3161
3162
3173
3175
3176
3179
3180
3182
3186
3187
3188
3190
3196
3197
3198
3201
3205
3206
3207
3208
3209
3211
3212
3213
3214
3215
3216
3217
3218
3219
3220
3222
3225
3227
3231
3233
3235
3237
3238
3240
3242
3243
3244
3245
3246
3247
3248
3249
3250
3251
3254
3256
3257
3259
3261
3264
3267
3271
3276
3277
3280
3282
3283
3284
3286
3287
3288
3289
3293
3295
3302
3303
3304
3306
3307
3308
3313
3314
3318
3320
3322
3323
3326
3329
3331
3332
3333
3334
3335
3336
3338
3341
3342
3344
3349
3350
3351
3352
3353
3357
3363
3364
3365
3366
3368
3369
3372
3373
3374
3381
3384
3387
3391
3394
3399
3401
3407
3409
3411
3415
3417
3418
3419
3420
3422
3423
3424
3425
3426
3427
3444
3445
3447
3451
3452
3453
3455
3456
3462
3463
3465
3467
3468
3471
3474
3476
3477
3483
3486
3489
3490
3491
3498
3499
3502
3504
3508
3510
3511
3512
3513
3514
3515
3516
3517
3518
3519
3520
3523
3524
3525
3526
3527
3528
3530
3531
3532
3533
3534
3535
3536
3537
3539
3541
3543
3544
3545
3547
3548
3550
3553
3554
3555
3556
3557
3558
3559
3561
3563
3564
3574
3576
3577
3581
3582
3583
3584
3585
3586
3587
3588
3589
3590
3591
3593
3594
3595
3596
3597
3598
3599
3600
3601
3602
3603
3605
3607
3608
3610
3611
3615
3616
3617
3618
3619
3623
3624
3627
3628
3629
3631
3632
3634
3637
3639
3640
3642
3644
3646
3647
3648
3649
3650
3651
3653
3654
3655
3657
3658
3661
3664
3665
3666
3670
3671
3674
3676
3677
3678
3679
3680
3681
3682
3683
3684
3685
3687
3688
3689
3690
3697
3698
3699
3700
3701
3704
3707
3708
3709
3710
3711
3712
3713
3714
3715
3717
3718
3719
3720
3721
3722
3723
3724
3725
3727
3728
3730
3733
3736
3738
3739
3740
3741
3742
3746
3748
3749
3750
3753
3754
3755
3758
3759
3765
3766
3767
3768
3769
3770
3772
3773
3775
3776
3780
3781
3782
3783
3784
3785
3786
3787
3788
3789
3791
3793
3795
3796
3799
3800
3801
3802
3803
3804
3805
3806
3807
3808
3811
3813
3814
3816
3820
3823
3824
3826
3827
3828
3830
3832
3833
3834
3835
3836
3839
3840
3842
3843
3847
3849
3851
3852
3854
3856
3857
3858
3859
3860
3862
3863
3867
3868
3869
3871
3874
3875
3880
3882
3883
3884
3885
3886
3887
3888
3891
3892
3893
3894
3895
3897
3898
3899
3901
3905
3906
3907
3908
3909
3910
3911
3913
3914
3915
3917
3918
3920
3921
3924
3925
3926
3928
3930
3931
3932
3933
3934
3937
3938
3939
3940
3942
3943
3944
3945
3947
3948
3950
3951
3952
3953
3954
3955
3956
3957
3958
3960
3963
3965
3966
3967
3970
3971
3972
3973
3974
3975
3976
3978
3979
3980
3981
3982
3985
3986
3987
3988
3989
3990
3991
3992
3993
3994
3995
3996
3997
3998
3999
4000
4001
4002
4003
4004
4005
4007
4008
4009
4010
4011
4013
4015
4016
4018
4020
4021
4022
4026
4030
4032
4033
4034
4035
4037
4038
4039
4041
4042
4043
4044
4045
4046
4048
4050
4052
4053
4054
4055
4057
4058
4059
4060
4062
4063
4064
4065
4066
4067
4069
4071
4072
4073
4078
4079
4081
4082
4085
4087
4090
4092
4093
4094
4095
4096
4097
4098
4100
4102
4103
4106
4107
4108
4109
4110
4112
4113
4114
4115
4116
4117
4118
4119
4120
4123
4126
4127
4128
4129
4130
4131
4132
4133
4134
4135
4136
4138
4139
4141
4142
4143
4144
4145
4146
4147
4148
4150
4151
4152
4154
4155
4156
4157
4159
4160
4161
4163
4164
4165
4166
4167
4168
4169
4170
4171
4172
4173
4174
4175
4177
4178
4180
4181
4184
4185
4186
4189
4190
4191
4192
4194
4195
4196
4197
4198
4200
4201
4202
4204
4205
4206
4207
4208
4209
4210
4211
4212
4213
4214
4215
4216
4217
4218
4219
4220
4221
4222
4224
4225
4226
4227
4228
4229
4230
4231
4234
4236
4237
4239
4241
4242
4245
4246
4247
4251
4252
4253
4254
4256
4257
4260
4261
4262
4263
4264
4267
4268
4269
4270
4272
4273
4274
4275
4276
4277
4278
4279
4280
4281
4282
4283
4284
4285
4286
4288
4289
4290
4292
4293
4294
4295
4296
4297
4298
4299
4300
4301
4302
4303
4304
4305
4306
4307
4310
4315
4323
4325
4327
4328
4329
4330
4334
4339
4340
4341
4342
4345
4346
4347
4348
4349
4350
4351
4355
4356
4357
4358
4359
4360
4361
4362
4364
4365
4369
4370
4371
4372
4373
4374
4376
4377
4378
4379
4380
4383
4384
4385
4386
4387
4388
4389
4390
4392
4393
4394
4395
4396
4397
4399
4400
4402
4403
4404
4405
4407
4408
4410
4411
4412
4414
4417
4418
4419
4420
4421
4422
4423
4425
4426
4427
4428
4434
4436
4438
4446
4448
4451
4452
4453
4454
4455
4456
4457
4458
4459
4460
4461
4463
4464
4465
4466
4467
4468
4469
4470
4472
4473
4474
4475
4476
4477
4478
4480
4482
4485
4487
4488
4489
4490
4491
4492
4493
4494
4496
4497
4498
4499
4500
4501
4502
4503
4507
4512
4513
4514
4515
4516
4517
4518
4521
4522
4523
4524
4525
4526
4527
4528
4529
4530
4531
4533
4534
4535
4536
4537
4538
4539
4540
4541
4542
4543
4544
4545
4546
4547
4548
4549
4550
4551
4552
4553
4554
4555
4556
4557
4560
4561
4562
4563
4564
4565
4566
4568
4569
4570
4571
4574
4575
4576
4578
4579
4580
4581
4583
4585
4588
4589
4591
4592
4593
4594
4595
4596
4598
4599
4600
4603
4604
4605
4607
4608
4609
4611
4612
4613
4614
4615
4616
4617
4618
4620
4621
4622
4623
4624
4625
4626
4627
4628
4629
4630
4631
4633
4634
4635
4636
4637
4639
4642
4643
4645
4646
4647
4650
4651
4652
4653
4654
4655
4656
4657
4658
4659
4660
4661
4662
4664
4665
4666
4667
4668
4669
4670
4671
4672
4673
4674
4675
4676
4678
4679
4680
4682
4683
4684
4685
4686
4687
4688
4689
4690
4691
4692
4694
4695
4696
4697
4698
4699
4700
4701
4702
4703
4704
4705
4707
4710
4711
4712
4715
4716
4717
4718
4720
4721
4723
4724
4725
4726
4727
4728
4729
4730
4731
4733
4734
4735
4736
4738
4740
4741
4742
4743
4744
4745
4746
4747
4748
4749
4750
4751
4752
4753
4754
4758
4759
4760
4761
4763
4765
4766
4767
4768
4769
4770
4771
4772
4773
4774
4775
4777
4780
4783
4784
4786
4787
4788
4790
4791
4793
4794
4795
4797
4798
4799
4800
4801
4802
4803
4805
4806
4807
4808
4814
4815
4816
4817
4818
4819
4820
4823
4827
4828
4829
4830
4832
4833
4834
4835
4836
4837
4838
4839
4840
4841
4842
4843
4844
4845
4846
4849
4853
4855
4856
4857
4858
4859
4860
4862
4863
4864
4865
4866
4867
4868
4869
4870
4871
4874
4875
4876
4878
4879
4880
4881
4882
4883
4884
4885
4886
4888
4889
4890
4891
4892
4893
4894
4895
4896
4897
4899
4900
4901
4904
4905
4906
4908
4909
4910
4911
4912
4914
4915
4916
4917
4923
4924
4926
4928
4929
4930
4931
4932
4933
4934
4935
4937
4938
4939
4940
4941
4942
4943
4944
4945
4946
4947
4948
4949
4950
4951
4952
4955
4958
4959
4960
4962
4963
4964
4966
4969
4970
4971
4972
4973
4974
4975
4976
4979
4984
4985
4986
4987
4988
4991
4994
4995
4997
4998
4999
5000
5001
5002
5003
5004
5005
5006
5007
5008
5009
5010
5012
5014
5016
5024
5027
5030
5031
5033
5034
5035
5036
5038
5039
5040
5042
5045
5046
5048
5050
5051
5054
5055
5056
5057
5058
5059
5060
5061
5062
5063
5064
5065
5066
5067
5068
5071
5074
5076
5077
5078
5079
5080
5081
5082
5083
5084
5086
5087
5088
5089
5090
5091
5092
5093
5095
5097
5098
5099
5100
5101
5102
5104
5105
5106
5107
5108
5110
5112
5115
5116
5117
5118
5120
5123
5124
5125
5127
5128
5130
5131
5132
5133
5134
5136
5137
5138
5139
5140
5141
5143
5144
5145
5148
5150
5153
5154
5155
5156
5157
5158
5159
5162
5164
5165
5168
5169
5170
5172
5173
5175
5178
5180
5181
5183
5185
5186
5187
5188
5189
5190
5192
5193
5194
5195
5197
5198
5201
5203
5204
5205
5206
5207
5209
5211
5213
5214
5215
5216
5217
5218
5219
5220
5221
5222
5223
5226
5227
5228
5229
5230
5231
5233
5234
5235
5236
5237
5238
5239
5240
5243
5244
5246
5251
5252
5253
5254
5255
5257
5258
5259
5262
5263
5264
5265
5266
5271
5273
5274
5275
5276
5278
5282
5285
5286
5287
5288
5289
5290
5291
5296
5299
5301
5303
5306
5307
5309
5310
5311
5314
5315
5316
5317
5319
5322
5323
5324
5325
5327
5328
5329
5331
5332
5333
5336
5337
5339
5340
5341
5342
5344
5345
5347
5348
5349
5350
5351
5352
5354
5355
5356
5357
5358
5359
5360
5361
5362
5363
5364
5365
5366
5367
5372
5373
5375
5377
5378
5379
5380
5381
5382
5383
5384
5385
5386
5387
5388
5390
5391
5392
5393
5394
5395
5397
5398
5399
5400
5401
5402
5404
5405
5406
5408
5409
5410
5411
5413
5414
5420
5421
5422
5423
5424
5425
5427
5428
5429
5430
5431
5432
5433
5435
5437
5438
5439
5440
5441
5442
5445
5447
5448
5449
5450
5451
5456
5458
5459
5461
5462
5464
5465
5466
5468
5469
5470
5472
5473
5474
5475
5478
5480
5483
5484
5486
5488
5489
5490
5492
5493
5494
5496
5497
5498
5499
5500
5501
5502
5503
5504
5505
5506
5507
5508
5509
5518
5519
5520
5521
5522
5524
5526
5528
5529
5530
5531
5532
5533
5534
5535
5536
5537
5539
5541
5542
5544
5545
5546
5547
5549
5550
5551
5552
5553
5556
5557
5558
5560
5561
5563
5564
5566
5567
5568
5569
5572
5574
5575
5577
5579
5580
5582
5584
5585
5586
5587
5588
5589
5590
5591
5592
5594
5595
5596
5597
5599
5600
5601
5602
5603
5604
5605
5606
5607
5608
5610
5612
5615
5619
5620
5621
5627
5628
5629
5630
5631
5633
5634
5635
5636
5637
5638
5640
5641
5643
5645
5646
5647
5650
5652
5656
5657
5659
5666
5667
5668
5669
5670
5671
5672
5674
5676
5678
5679
5685
5686
5687
5688
5689
5690
5691
5692
5693
5694
5695
5696
5697
5699
5701
5702
5703
5704
5706
5707
5708
5710
5712
5713
5715
5716
5719
5722
5727
5728
5730
5736
5737
5739
5742
5743
5746
5748
5749
5750
5753
5754
5756
5759
5760
5763
5764
5765
5766
5767
5768
5769
5770
5771
5772
5773
5774
5775
5777
5779
5781
5782
5783
5785
5786
5787
5788
5789
5790
5791
5792
5794
5795
5797
5799
5800
5801
5805
5807
5808
5810
5822
5823
5826
5828
5833
5835
5842
5844
5845
5846
5847
5848
5849
5850
5856
5860
5861
5865
5868
5869
5888
5889
5890
5892
5895
5903
5906
5908
5909
5913
5914
5916
5919
5920
5921
5923
5926
5927
5929
5930
5932
5934
5936
5937
5938
5939
5940
5942
5944
5945
5947
5948
5949
5950
5951
5952
5953
5955
5956
5958
5959
5961
5965
5966
5968
5969
5970
5971
5973
5975
5976
5977
5978
5979
5980
5982
5995
5997
5998
5999
6001
6004
6006
6009
6010
6011
6012
6013
6014
6016
6025
6026
6027
6028
6029
6030
6031
6035
6037
6038
6039
6040
6041
6045
6049
6051
6053
6057
6058
6059
6060
6064
6066
6071
6072
6073
6075
6076
6079
6080
6082
6083
6086
6087
6089
6090
6091
6092
6093
6094
6095
6096
6097
6098
6099
6101
6102
6103
6104
6105
6106
6108
6109
6110
6112
6113
6114
6115
6116
6117
6118
6119
6120
6121
6122
6123
6124
6125
6127
6128
6129
6131
6133
6135
6137
6140
6141
6143
6145
6148
6149
6150
6153
6154
6155
6156
6157
6158
6160
6161
6162
6165
6168
6169
6170
6171
6172
6174
6175
6176
6178
6181
6182
6183
6184
6185
6186
6187
6188
6189
6190
6191
6192
6193
6194
6195
6196
6199
6201
6202
6203
6205
6206
6207
6209
6210
6211
6212
6213
6216
6217
6218
6219
6223
6224
6225
6226
6227
6229
6230
6231
6233
6234
6235
6237
6238
6239
6240
6241
6242
6244
6245
6247
6248
6249
6250
6251
6256
6257
6258
6259
6260
6261
6264
6266
6267
6272
6275
6276
6277
6279
6280
6282
6283
6284
6285
6286
6287
6288
6289
6291
6292
6293
6294
6296
6297
6298
6299
6302
6304
6306
6308
6309
6310
6311
6313
6314
6315
6320
6321
6323
6327
6328
6329
6330
6331
6332
6333
6335
6337
6338
6339
6340
6341
6342
6343
6344
6345
6346
6348
6349
6350
6351
6352
6354
6356
6357
6358
6359
6360
6362
6363
6365
6366
6368
6370
6371
6374
6375
6378
6379
6381
6382
6383
6385
6388
6390
6391
6393
6395
6398
6400
6403
6405
6412
6413
6414
6415
6416
6417
6418
6419
6422
6423
6424
6425
6426
6427
6428
6432
6434
6435
6436
6437
6438
6440
6441
6442
6443
6445
6446
6448
6451
6452
6453
6455
6456
6458
6459
6461
6463
6466
6467
6468
6470
6471
6472
6473
6475
6476
6477
6478
6479
6480
6481
6482
6484
6485
6486
6487
6488
6490
6491
6493
6495
6496
6497
6498
6499
6500
6501
6504
6505
6506
6507
6508
6509
6510
6512
6517
6518
6519
6520
6521
6524
6525
6526
6527
6528
6529
6530
6531
6532
6533
6536
6538
6541
6544
6545
6546
6550
6555
6556
6561
6563
6564
6565
6566
6567
6569
6571
6572
6574
6575
6576
6579
6580
6581
6582
6584
6585
6586
6587
6588
6589
6592
6593
6594
6595
6596
6597
6598
6599
6601
6603
6605
6607
6608
6609
6610
6612
6614
6615
6616
6617
6618
6620
6621
6622
6623
6626
6627
6628
6629
6631
6632
6633
6635
6638
6639
6641
6642
6643
6646
6648
6651
6652
6653
6654
6658
6660
6662
6663
6664
6666
6668
6669
6670
6671
6672
6673
6674
6675
6677
6679
6680
6681
6682
6683
6684
6685
6687
6688
6692
6693
6694
6695
6696
6697
6699
6702
6703
6704
6705
6706
6707
6708
6709
6710
6711
6712
6713
6715
6716
6718
6719
6720
6723
6724
6725
6728
6729
6731
6733
6734
6735
6736
6737
6738
6740
6742
6743
6745
6746
6747
6748
6749
6750
6751
6752
6754
6757
6760
6761
6763
6767
6770
6771
6772
6773
6774
6775
6776
6777
6778
6779
6780
6781
6782
6783
6784
6785
6788
6789
6791
6792
6793
6794
6795
6796
6797
6798
6800
6801
6802
6803
6804
6805
6806
6807
6808
6809
6810
6812
6813
6816
6817
6818
6819
6821
6822
6823
6824
6826
6828
6830
6832
6833
6835
6836
6838
6840
6842
6843
6844
6845
6848
6849
6850
6851
6852
6854
6856
6858
6861
6862
6864
6866
6867
6869
6872
6873
6875
6877
6878
6879
6880
6883
6884
6887
6892
6893
6894
6895
6896
6897
6898
6899
6900
6901
6904
6905
6906
6907
6908
6910
6912
6913
6915
6916
6917
6918
6919
6920
6921
6923
6924
6926
6927
6930
6931
6936
6937
6940
6941
6942
6944
6945
6948
6949
6950
6951
6952
6953
6957
6958
6959
6960
6961
6962
6963
6965
6967
6968
6969
6971
6972
6973
6974
6975
6977
6978
6979
6980
6982
6983
6985
6986
6987
6988
6990
6991
6993
6994
6995
6996
6998
6999
7000
7002
7004
7006
7008
7009
7012
7013
7015
7019
7020
7021
7022
7023
7031
7033
7034
7035
7036
7037
7038
7039
7043
7044
7045
7046
7047
7048
7049
7050
7051
7052
7053
7054
7057
7058
7059
7060
7061
7062
7063
7064
7065
7067
7068
7069
7070
7072
7075
7076
7077
7078
7080
7081
7082
7083
7085
7086
7087
7088
7089
7090
7091
7092
7093
7094
7095
7096
7097
7098
7099
7100
7101
7102
7105
7106
7107
7110
7111
7112
7114
7115
7116
7117
7119
7120
7121
7122
7124
7125
7126
7128
7130
7131
7132
7133
7134
7135
7136
7137
7138
7139
7140
7142
7144
7146
7147
7148
7150
7151
7159
7160
7161
7164
7165
7166
7167
7168
7169
7171
7172
7175
7176
7179
7180
7181
7182
7183
7184
7185
7186
7188
7189
7190
7192
7193
7194
7195
7196
7197
7198
7199
7200
7201
7202
7203
7207
7209
7210
7212
7213
7214
7215
7218
7219
7221
7222
7223
7224
7225
7226
7227
7228
7230
7231
7232
7233
7234
7235
7239
7241
7242
7243
7246
7250
7251
7252
7253
7255
7256
7257
7258
7263
7264
7267
7268
7269
7270
7272
7273
7275
7277
7279
7280
7281
7282
7283
7285
7286
7287
7289
7290
7291
7292
7293
7295
7296
7297
7298
7300
7301
7302
7304
7305
7306
7307
7309
7310
7311
7312
7315
7317
7318
7319
7321
7322
7323
7324
7325
7326
7329
7330
7332
7333
7334
7335
7336
7337
7338
7339
7341
7342
7347
7349
7350
7351
7353
7355
7356
7358
7360
7361
7362
7363
7364
7366
7367
7368
7369
7370
7371
7372
7373
7374
7375
7376
7377
7378
7379
7381
7383
7385
7386
7387
7388
7389
7390
7391
7392
7393
7395
7396
7398
7399
7400
7401
7402
7404
7405
7406
7407
7408
7409
7411
7413
7415
7416
7419
7420
7423
7424
7426
7427
7429
7430
7431
7438
7439
7440
7442
7443
7444
7445
7447
7448
7450
7451
7452
7453
7454
7455
7456
7457
7458
7459
7460
7461
7462
7463
7464
7465
7468
7469
7471
7473
7474
7475
7477
7478
7479
7481
7482
7483
7488
7489
7491
7492
7493
7494
7495
7496
7497
7499
7500
7502
7503
7504
7507
7510
7511
7513
7514
7515
7516
7517
7518
7519
7520
7521
7522
7523
7524
7527
7528
7529
7531
7533
7534
7535
7536
7537
7538
7539
7540
7541
7543
7544
7545
7546
7547
7548
7549
7550
7551
7553
7554
7555
7556
7558
7559
7561
7562
7563
7564
7565
7567
7568
7569
7570
7571
7572
7573
7574
7576
7577
7578
7579
7580
7581
7582
7583
7584
7588
7589
7590
7591
7592
7596
7599
7600
7601
7602
7603
7604
7605
7607
7608
7611
7612
7613
7616
7617
7618
7620
7621
7622
7623
7626
7628
7632
7633
7635
7636
7637
7638
7639
7640
7641
7642
7646
7647
7648
7649
7650
7651
7653
7654
7657
7658
7659
7660
7661
7663
7664
7665
7666
7667
7668
7670
7673
7674
7675
7676
7677
7679
7682
7683
7684
7685
7686
7688
7689
7691
7692
7693
7694
7696
7697
7698
7699
7700
7701
7702
7703
7704
7705
7706
7709
7710
7711
7713
7716
7717
7718
7720
7721
7722
7723
7725
7726
7728
7729
7730
7734
7735
7736
7737
7738
7742
7743
7745
7750
7751
7752
7753
7754
7757
7758
7759
7760
7762
7768
7769
7771
7773
7775
7776
7778
7779
7782
7783
7784
7785
7786
7787
7788
7789
7790
7791
7794
7795
7797
7799
7805
7806
7807
7808
7809
7810
7811
7812
7813
7814
7815
7816
7817
7818
7819
7820
7821
7822
7823
7824
7825
7826
7827
7828
7829
7830
7832
7833
7834
7835
7836
7837
7838
7839
7840
7843
7845
7846
7847
7848
7849
7850
7852
7853
7854
7855
7857
7858
7860
7862
7863
7867
7869
7870
7871
7872
7873
7874
7875
7876
7878
7879
7880
7881
7882
7885
7890
7891
7892
7893
7896
7897
7898
7899
7900
7901
7902
7903
7904
7905
7907
7908
7909
7910
7911
7913
7914
7915
7916
7917
7918
7919
7921
7922
7923
7925
7926
7929
7931
7933
7934
7936
7937
7938
7939
7941
7942
7943
7944
7945
7946
7947
7948
7949
7950
7951
7952
7953
7957
7958
7959
7961
7962
7964
7965
7966
7969
7970
7971
7973
7976
7979
7980
7982
7986
7987
7988
7989
7991
7992
7993
7994
7995
7997
7998
7999
8002
8003
8005
8008
8011
8021
8025
8027
8029
8032
8033
8034
8040
8041
8042
8045
8047
8052
8055
8056
8057
8058
8059
8063
8064
8066
8067
8068
8071
8074
8076
8077
8078
8079
8080
8081
8082
8083
8084
8085
8088
8089
8102
8103
8104
8105
8107
8108
8109
8121
8127
8130
8132
8135
8136
8138
8141
8142
8143
8144
8145
8146
8147
8148
8150
8151
8153
8154
8155
8156
8157
8158
8159
8161
8162
8163
8164
8166
8168
8172
8173
8175
8176
8178
8179
8180
8181
8182
8183
8184
8185
8186
8191
8192
8193
8194
8196
8198
8199
8201
8205
8207
8210
8211
8212
8213
8216
8217
8218
8220
8222
8226
8227
8228
8229
8231
8233
8235
8237
8239
8240
8241
8242
8244
8245
8246
8247
8248
8249
8250
8251
8252
8253
8254
8255
8256
8257
8258
8259
8260
8261
8262
8263
8264
8265
8266
8267
8268
8269
8270
8273
8275
8276
8277
8278
8279
8280
8281
8282
8284
8285
8288
8289
8291
8292
8293
8295
8296
8299
8300
8302
8305
8306
8307
8308
8309
8311
8312
8313
8314
8316
8317
8318
8319
8320
8321
8322
8323
8324
8326
8327
8328
8331
8333
8334
8335
8336
8337
8338
8341
8342
8345
8346
8350
8351
8354
8356
8357
8358
8359
8360
8362
8363
8365
8366
8367
8368
8371
8372
8373
8374
8375
8376
8377
8378
8379
8380
8381
8382
8383
8384
8385
8386
8388
8389
8391
8392
8393
8394
8395
8397
8398
8399
8400
8401
8403
8408
8409
8410
8414
8415
8416
8417
8418
8419
8420
8424
8426
8427
8428
8431
8432
8433
8435
8437
8438
8441
8442
8443
8444
8446
8447
8448
8449
8451
8452
8453
8454
8455
8456
8457
8458
8462
8463
8464
8466
8467
8469
8473
8474
8476
8478
8481
8482
8484
8486
8490
8492
8493
8495
8496
8497
8498
8499
8500
8501
8502
8503
8504
8505
8506
8508
8509
8510
8511
8513
8514
8516
8518
8519
8522
8524
8525
8527
8529
8530
8534
8535
8537
8538
8539
8541
8543
8544
8545
8546
8548
8549
8550
8551
8552
8557
8558
8560
8561
8562
8563
8564
8565
8566
8567
8568
8569
8570
8571
8572
8573
8574
8575
8577
8580
8581
8582
8583
8584
8585
8586
8587
8588
8589
8591
8592
8593
8594
8595
8596
8597
8598
8600
8601
8602
8604
8605
8606
8608
8609
8610
8611
8615
8617
8618
8619
8622
8623
8626
8628
8629
8630
8633
8635
8636
8637
8638
8639
8641
8642
8643
8644
8645
8649
8650
8653
8658
8663
8665
8666
8667
8668
8669
8670
8671
8672
8673
